0.43000000000000127
0.4510000000000032
0.44600000000000306
0.527000000000003
-0.2889999999999985
1.286000000000005
-2.123999999999999
-0.05299999999999827
0.9700000000000017
1.0340000000000036
-0.7749999999999981
-0.2759999999999976
1.2840000000000038
-0.5779999999999987
0.8900000000000035
-0.9749999999999983
-0.7219999999999989
0.8200000000000025
1.621000000000003
0.3600000000000012
-2.709999999999999
-0.699999999999998
-0.6699999999999988
-0.9669999999999991
0.07900000000000285
0.9400000000000017
0.7600000000000016
1.2840000000000056
-0.5899999999999996
-1.0439999999999974
0.10300000000000187
-0.785999999999998
-0.17499999999999838
-0.4869999999999959
-2.0749999999999993
0.6980000000000024
1.2630000000000028
-0.37999999999999945
0.6420000000000023
0.6570000000000049
0.20000000000000107
-1.1909999999999985
1.0150000000000026
-0.5199999999999996
0.379000000000002
-0.46399999999999775
0.6900000000000015
-0.4049999999999986
-0.7599999999999998
2.242000000000005
-0.11999999999999922
-0.8899999999999999
-0.03999999999999915
-0.35499999999999854
-1.1779999999999982
1.1770000000000047
-1.1289999999999991
-0.7939999999999989
1.9330000000000045
-1.1579999999999964
0.3080000000000038
0.45500000000000573
-0.6009999999999979
-1.8779999999999981
1.1360000000000028
-0.6109999999999988
0.7600000000000016
0.30000000000000204
-1.6019999999999972
-0.13499999999999823
0.8170000000000025
-0.49999999999999956
2.0130000000000043
-0.4499999999999995
-0.23099999999999588
-1.7239999999999998
0.08400000000000274
-1.5159999999999996
0.8340000000000042
-0.6479999999999988
0.5900000000000014
-1.941999999999998
0.9400000000000017
-2.680999999999998
-1.5699999999999958
0.9240000000000045
-1.4119999999999977
-1.1609999999999991
-0.5479999999999987
0.8310000000000042
-0.1999999999999993
-0.9199999999999999
2.3060000000000045
1.441000000000004
0.9370000000000025
1.6150000000000033
0.013000000000001677
0.040000000000000924
-1.0399999999999991
-0.1849999999999984
-0.928999999999999
2.374000000000005
1.1000000000000028
-0.3169999999999976
0.1380000000000019
-0.7899999999999971
0.140000000000001
-0.9919999999999947
-0.6759999999999979
-0.01999999999999913
1.350000000000003
1.0400000000000036
-0.2999999999999994
0.611000000000004
0.21100000000000474
1.0990000000000029
0.9830000000000035
0.6100000000000014
0.399000000000004
1.680000000000005
0.9390000000000034
0.6190000000000024
0.10000000000000098
-0.9099999999999999
-0.6819999999999973
0.6000000000000014
-1.6759999999999988
0.02900000000000258
-0.23699999999999766
0.3200000000000012
0.6940000000000024
-0.27999999999999936
1.488000000000003
-0.17999999999999927
-0.7199999999999998
-0.5739999999999968
-0.4099999999999995
0.010000000000000897
0.8200000000000035
-2.0829999999999975
-0.6099999999999997
-1.3819999999999986
1.0310000000000037
0.6000000000000014
-0.776999999999998
0.2770000000000038
0.1540000000000028
0.8910000000000027
0.44500000000000306
-0.8859999999999965
0.5900000000000014
0.6500000000000015
-0.6709999999999988
0.11000000000000099
1.0210000000000026
0.120000000000001
0.529000000000003
0.8060000000000025
0.7260000000000024
0.5900000000000014
-2.0769999999999973
1.360000000000003
-0.5899999999999996
-0.5949999999999952
0.9840000000000027
0.9600000000000017
-0.0869999999999983
-1.3049999999999993
-2.3229999999999995
0.7520000000000024
0.8100000000000016
0.6970000000000023
0.08000000000000096
-0.8399999999999999
-0.07799999999999829
-1.0919999999999992
-0.04699999999999738
-1.5539999999999987
0.7760000000000025
-0.913999999999999
0.404000000000003
-0.6069999999999988
0.42800000000000304
0.3200000000000012
0.6760000000000049
1.1190000000000038
-0.14299999999999746
-0.18199999999999839
1.0690000000000028
-0.767999999999998
-0.3119999999999985
-0.7049999999999981
1.3550000000000049
-1.5229999999999997
-0.10399999999999832
0.2510000000000021
0.779000000000005
-0.5299999999999996
1.7120000000000033
-0.3889999999999977
0.7960000000000033
0.5300000000000014
-0.5199999999999987
-1.1289999999999982
-2.550999999999999
0.020000000000000906
-0.94
-1.645999999999998
1.497000000000004
-0.0999999999999992
1.0380000000000027
-0.48299999999999865
-0.5849999999999979
-0.013999999999997348
2.7660000000000076
0.41400000000000214
0.2500000000000011
0.9200000000000017
0.19000000000000283
-0.7799999999999998
-0.636999999999998
0.020000000000000906
0.5500000000000014
0.05800000000000183
1.377000000000004
-0.906999999999999
0.20000000000000107
0.5600000000000032
-0.6899999999999997
-1.4889999999999994
-0.6019999999999988
1.3890000000000038
0.41800000000000215
-0.7469999999999989
0.5550000000000023
-0.26499999999999757
0.9900000000000018
-0.11699999999999744
0.1510000000000019
-0.9199999999999999
-0.7639999999999927
1.261000000000004
-0.3399999999999994
